model1
q
-4 0 0 0.707 -0.707 0.000 0.000
-3 0 0 0.851 -0.526 0.000 0.000
-2 0 0 0.924 -0.383 0.000 0.000
-1 0 0 0.973 -0.230 0.000 0.000
0 0 0 1.000 0.000 0.000 0.000
1 0 0 0.973 0.230 0.000 0.000
2 0 0 0.924 0.383 0.000 0.000
3 0 0 0.851 0.526 0.000 0.000
4 0 0 0.707 0.707 0.000 0.000
0 -4 0 0.707 0.000 0.707 0.000
0 -3 0 0.851 0.000 0.526 0.000
0 -2 0 0.924 0.000 0.383 0.000
0 -1 0 0.973 0.000 0.230 0.000
0 1 0 0.973 0.000 -0.230 0.000
0 2 0 0.924 0.000 -0.383 0.000
0 3 0 0.851 0.000 -0.526 0.000
0 4 0 0.707 0.000 -0.707 0.000